[[-1.09945449e+01 -5.72509621e+00  1.46614875e+01  1.41454791e+01
   1.44700623e+01  9.14763505e+00  5.42850383e+00  3.60217129e+00
   1.50801772e+01  7.72334603e+00 -3.26613310e+00  4.50327535e+00
   4.88582629e+00]
 [-1.08278798e+01 -7.82765436e+00  1.15193230e+01  2.25453965e+01
   1.48694053e+01  3.87811399e+00  1.07683856e+01  5.21551809e+00
   2.02362318e+00 -2.18096525e+00 -8.36426191e+00  6.72785852e+00
   9.23802823e-01]
 [-1.04901131e+01 -1.21719222e+01  6.09784568e+00  2.82872284e+01
   1.60239065e+01  7.39708444e+00  1.56670134e+01 -5.53419016e+00
   1.43216873e+00  3.84571258e-02 -1.53510191e+01  1.66006102e+00
  -6.01619791e-01]
 [-9.37902612e+00 -1.70463400e+01  2.52032403e+00  2.72876248e+01
   7.69493084e+00  7.86624455e+00  2.61936876e+01 -4.54846019e+00
   7.09137919e+00  8.47298256e+00 -2.13301338e+01  9.85789930e+00
  -1.43070885e+00]
 [-9.07238174e+00 -1.71262381e+01  2.24066377e+00  2.52746689e+01
   1.33372000e+00  2.07463849e+00  2.01555120e+01 -1.11189902e+01
   9.39321092e+00  7.97318766e+00 -2.64517990e+01  1.10728234e+00
  -4.12935755e+00]
 [-9.01931056e+00 -1.64839460e+01  1.12129136e-02  2.51335810e+01
   3.53801264e-01  5.78085260e+00  2.92457037e+01 -6.62956534e+00
   8.94002939e+00  1.10675390e+01 -1.82988633e+01 -1.04022318e+00
   7.13286816e-01]
 [-9.23247796e+00 -1.49332021e+01  1.27891938e+00  2.25830282e+01
  -6.03954269e-01  5.07115067e+00  3.65153782e+01  3.75707293e+00
   1.13671672e+01  8.38607861e+00 -2.10316987e+01  5.33022841e-01
   1.35361613e+01]
 [-9.40865878e+00 -1.59559158e+01  1.23067376e+00  1.92002777e+01
  -2.16466196e-01  4.31544053e+00  4.05224066e+01  2.27732280e+00
   8.66215285e+00  2.85278225e+00 -2.05011939e+01  3.18220811e+00
   1.94483550e+01]]



[[-1.09945449e+01 -5.72509621e+00  1.46614875e+01  1.41454791e+01
   1.44700623e+01  9.14763505e+00  5.42850383e+00  3.60217129e+00
   1.50801772e+01  7.72334603e+00 -3.26613310e+00  4.50327535e+00
   4.88582629e+00]
 [-1.08278798e+01 -7.82765436e+00  1.15193230e+01  2.25453965e+01
   1.48694053e+01  3.87811399e+00  1.07683856e+01  5.21551809e+00
   2.02362318e+00 -2.18096525e+00 -8.36426191e+00  6.72785852e+00
   9.23802823e-01]
 [-1.04901131e+01 -1.21719222e+01  6.09784568e+00  2.82872284e+01
   1.60239065e+01  7.39708444e+00  1.56670134e+01 -5.53419016e+00
   1.43216873e+00  3.84571258e-02 -1.53510191e+01  1.66006102e+00
  -6.01619791e-01]
 [-9.37902612e+00 -1.70463400e+01  2.52032403e+00  2.72876248e+01
   7.69493084e+00  7.86624455e+00  2.61936876e+01 -4.54846019e+00
   7.09137919e+00  8.47298256e+00 -2.13301338e+01  9.85789930e+00
  -1.43070885e+00]
 [-9.07238174e+00 -1.71262381e+01  2.24066377e+00  2.52746689e+01
   1.33372000e+00  2.07463849e+00  2.01555120e+01 -1.11189902e+01
   9.39321092e+00  7.97318766e+00 -2.64517990e+01  1.10728234e+00
  -4.12935755e+00]
 [-9.01931056e+00 -1.64839460e+01  1.12129136e-02  2.51335810e+01
   3.53801264e-01  5.78085260e+00  2.92457037e+01 -6.62956534e+00
   8.94002939e+00  1.10675390e+01 -1.82988633e+01 -1.04022318e+00
   7.13286816e-01]
 [-9.23247796e+00 -1.49332021e+01  1.27891938e+00  2.25830282e+01
  -6.03954269e-01  5.07115067e+00  3.65153782e+01  3.75707293e+00
   1.13671672e+01  8.38607861e+00 -2.10316987e+01  5.33022841e-01
   1.35361613e+01]
 [-9.40865878e+00 -1.59559158e+01  1.23067376e+00  1.92002777e+01
  -2.16466196e-01  4.31544053e+00  4.05224066e+01  2.27732280e+00
   8.66215285e+00  2.85278225e+00 -2.05011939e+01  3.18220811e+00
   1.94483550e+01]]
